10
2.50e11
0.000e00 0.000e00 0.000e00 0.000e00 1.989e30 sun.gif
2.000e11 0.000e00 0.000e00 1.000e04 4.869e24 pluto.gif
1.800e11 0.000e00 0.000e00 1.500e04 4.869e24 pluto.gif
1.600e11 0.000e00 0.000e00 2.000e04 4.869e24 pluto.gif
1.400e11 0.000e00 0.000e00 2.500e04 4.869e24 pluto.gif
1.200e11 0.000e00 0.000e00 3.000e04 4.869e24 pluto.gif
1.000e11 0.000e00 0.000e00 3.500e04 4.869e24 pluto.gif
8.000e10 0.000e00 0.000e00 4.000e04 4.869e24 pluto.gif
6.000e10 0.000e00 0.000e00 4.500e04 4.869e24 pluto.gif
4.000e10 0.000e00 0.000e00 5.000e04 4.869e24 pluto.gif
